ISS (ZARYA)
1 25544U 98067A   24340.54167824  .00023336  00000-0  39612-3 0  9990
2 25544  51.6398 200.4558 0004301  55.8765  40.8894 15.50105491431987

TERRA
1 25994U 99068A   24340.50333333  .00000121  00000-0  65160-4 0  9992
2 25994  98.2094  37.2816 0001320  86.4433 273.6827 14.57109165219968

AQUA
1 27424U 02022A   24340.52013889  .00000118  00000-0  64352-4 0  9994
2 27424  98.2092  37.3117 0001279  87.1154 272.9911 14.57109612993813

NOAA 19
1 33591U 09005A   24340.48878858  .00000049  00000-0  54743-4 0  9996
2 33591  99.1946  23.6317 0013494  42.8872 317.3182 14.12416099773413

HST
1 20580U 90037B   24340.54166667  .00000887  00000-0  66968-4 0  9997
2 20580  28.4690  80.8633 0002805  50.9823 309.4511 15.09202157568754
